voxel_hash,coeff_0,coeff_1,coeff_2,coeff_3,coeff_4,coeff_5,q_proj_0,q_proj_1,q_proj_2,e1_0,e1_1,e1_2,e2_0,e2_1,e2_2,e3_0,e3_1,e3_2
982828226670999681,-0.10496262833183792,-2.6626920733607977,0.28048629211120696,-0.0012817327213552575,0.009155569664112885,0.006112631390548184,-1.298480568460132,-1.538862200559023,2.042211681506951,-0.4452417711598766,-0.893570155289674,-0.0573771974742959,0.8951226680570057,-0.4458082641832123,-0.0032250141796452553,-0.022697452388396256,-0.052795541114186384,0.9983473626416492
982828226670999681,1.9416578067234567,0.6836789261975755,1.3278461133082018,-0.0096923182444392,-0.0573848389887854,-0.00919100418143437,-1.4076710132850418,-1.7127582236806107,2.0498731550844167,-0.43495312249437557,-0.8998618285841309,0.03262622702085616,0.898992449985188,-0.43602537259668656,-0.04116368935784695,0.05126749557001419,0.011426456543668445,0.998619587224702
982828226670999681,1.1812947350445582,-0.1456963945792726,0.18031018278052027,0.019566224775432045,0.018955057036606375,-0.0029210862058520193,-1.341322385442441,-1.64173261277925,2.0417443871894094,0.3998129730487143,-0.9134499947827214,-0.07588605677852822,-0.9109648557721605,-0.40515587559653915,0.07740638227955698,-0.10145254126908401,0.03818145493623515,-0.99410741792273
3513959249469715332,-0.21389366384737335,1.0007781293539557,0.3608802682809262,-0.00010629972647960951,0.0007217967474400094,-0.001979477989903722,-1.1855603487457662,-1.6633069967597591,2.037485487947837,-0.9067228187757256,0.4215093432426925,-0.013550035812369382,-0.4211628131965385,-0.9067036383431927,-0.022591967501629007,-0.021808592154927735,-0.014777881253115271,0.9996529395414634
781555433026856478,-1.4195954030460955,-1.9574603091044929,0.08579304590551468,0.014492458455139842,-0.05358062683021769,0.009620574368109036,-1.3605632098354177,-1.817479045064462,2.0442649934848665,-0.43916546469503226,0.8983809157088152,-0.006739800396724727,-0.8974053505784068,-0.4383098692529132,0.05047866151891736,0.04239494512844116,0.02821681778099,0.9987023980254932
2308216658180845620,0.23505921177039193,2.034415661232627,-0.36581045078299507,-0.022047175322104387,0.02158467529209039,-0.005766778872644096,-0.2711708747987854,-2.2475362755387702,2.015554555936506,-0.48559120303848946,-0.8721870453336427,0.05908418979560345,0.873074605163854,-0.4872719238079463,-0.017515880979368306,0.04406719130614851,0.04307934796017224,0.9980993199224785
2308216658180845620,0.6846196139494234,-0.10004280708831705,0.24102091860564673,0.0005073134727074704,-0.01125583372552138,-0.0020038145400723822,-0.23430031042114596,-2.2043851501383567,2.0113467162176275,-0.9771422397883712,0.20885389373654192,0.0396622527404914,-0.20820820669044365,-0.977883838700338,0.0198126392850978,0.04292302282126494,0.011101760210758926,0.9990166990757
2308216658180845620,-0.18497028019628803,-1.1221589548956301,0.4294223603309342,0.004123395125652851,-0.019604737468529938,0.002743536789317158,-0.10011560529199794,-2.3499432664734807,2.013644934361597,-0.6658140686296948,-0.7455643291634657,0.028730769112637236,0.7459702556603793,-0.6644232701914231,0.04549830434338731,-0.014832521186919571,0.051725710310896136,0.9985511740557279
2308216658180845620,0.750793171405391,-0.5585647714064139,0.5900568731962578,-0.004204140916988723,0.017857639254578027,-0.0013286100074050289,-0.001517903426936632,-2.2870351303075105,2.0095935281346162,-0.9276058219665142,0.3733881451056523,-0.011346019054657625,-0.3734165336418671,-0.9259774483976922,0.05590936828289341,0.010369737543474889,0.05609864662770672,0.9983713789917151
11624312666122233477,0.3233863238782446,0.4929027601113478,0.22883731119145084,-0.0011874010068775396,0.0014866361957709693,-0.001984197772188001,0.026075365629013893,-2.262476539013636,2.0086334485084176,-0.10367901252532427,-0.9931001715852118,0.054797003195398375,0.9942546496700195,-0.10495873768678421,-0.02100845050791854,0.026614920088561027,0.052304039811659764,0.998276481465961
9516819473740312108,0.5821464310244778,1.6010486170161526,1.2592464990841008,0.02585283218770945,0.02139508205130731,-0.005366599299156061,-0.3921920617843332,-2.322806123599073,2.0218682557067873,-0.9123625550676684,-0.4091348911726903,0.014255137161957088,0.4093689333270112,-0.9114873388641567,0.040098722137275576,-0.0034124092809023785,0.042420182878533844,0.9990940313841592
9516819473740312108,-1.1719900989988306,-1.2742483268105982,0.16880580532006165,-0.009487865702729761,-0.04505921719070014,0.006352252937960046,-0.5347381880437115,-2.2827252641766553,2.0225287701736647,0.20650705602015165,-0.9782060706088105,0.021626817564317682,0.978420695103575,0.20629530405294044,-0.011627162970469538,0.006912250496542885,0.023561217069056103,0.9996984994703644
9516819473740312108,0.4576786451991282,0.7904614385785642,0.8475729062094471,-0.02826878142200351,-0.04258201829456218,-0.002688861230046302,-0.43087409689400674,-2.282913631887467,2.019517907556458,-0.45097736139604727,0.8911047594582437,0.050514623418615345,-0.8871504701235013,-0.4537456386879246,0.0841364292761343,0.09789516263794483,-0.006870447041700145,0.995173017163115
9516819473740312108,-0.12463967922226656,1.9534008057199241,0.10787373552339691,-0.01454678006134175,-0.04993282879580596,-0.0036473300252619634,-0.5246889778615503,-2.200749975588665,2.024276992961223,-0.4792276895417357,0.8775650882441022,-0.014843768780574057,-0.8753778014298695,-0.47666954611156614,0.08062163837085937,0.06367516266408603,0.05163002716360843,0.9966342428166852
9516819473740312108,-0.1949861226048837,0.7542048636727069,0.32558428666530914,0.0004155192762323426,-0.002412928026973191,-0.0008927880020130896,-0.46500788357899847,-2.3304046183309923,2.020929202713849,-0.9722221836755159,-0.2326905768665234,0.02528084268247728,0.2323660291644959,-0.9725106318318819,-0.015136031985917953,0.028107900304651788,-0.008841177041472026,0.9995657954977178
982828226670999681,0.32740753899871994,0.6599639518597484,0.7798174684271916,0.004202107306285421,0.021301662049774406,-0.002752734469731455,-1.2131200574231928,-1.7784262436637195,2.038462352413134,0.0696913748886657,-0.9941725220228201,0.08224420174646496,0.9951937074891236,0.06360326156242585,-0.0744587784796007,0.06879387211212974,0.08703804670032222,0.9938268368213914
14542011485515905829,0.5978263817616429,-0.26403799068988376,0.09514306241710004,0.0026878712889268274,-0.009343634907655725,-0.0018843188708961844,-0.9178817552372934,-1.927418304263216,2.0267907383810417,-0.34559540820167933,-0.936623118090996,0.057453881395561845,0.9376871369872393,-0.3470495228802215,-0.017304964527132927,0.03614757195980392,0.0478932492749386,0.9981981715647948
14542011485515905829,0.43771022745960675,-0.19833805160585555,0.7833669795648879,0.0020752308730975196,0.025648897958819424,-0.0011042611283493264,-0.9390609256031458,-2.055389669655444,2.032610023162643,-0.2726631260598316,-0.9599194391256813,0.06488058319650403,0.960452332082117,-0.27553022667239224,-0.040179745990777116,0.05644588103044879,0.05135917229179465,0.9970837968476863
14167501526726584984,0.430366538594569,0.009125632516906252,0.07089622089225023,0.005022447259506935,0.010116495407975466,-0.0013410960253585338,-0.888420556593648,-2.0547620387884193,2.0297288548758554,-0.9790926099859107,0.19771624846619051,0.04781156934710146,-0.1943008338106798,-0.9785913583154313,0.06786854507673956,0.06020670271200392,0.05715976314519233,0.9965479990576138
3513959249469715332,0.883157277610448,0.7385538017959654,-0.46080841995844785,0.030989834197032835,0.009982292804713,-0.0040992540100099895,-1.0420222430960109,-1.6966263320532151,2.0350605886328874,-0.6580627310985985,0.7447519009550092,0.11089656425225516,-0.7526959021452524,-0.6545787984039974,-0.07053705107051145,0.020057936902848877,-0.12988919394576215,0.9913256157606953
3513959249469715332,-0.3291897622610611,0.0789210006984077,0.08999052502827319,0.0017324980671223748,-0.004304119644584661,0.0009179868462985963,-0.976743296834668,-1.6907651058679276,2.033026374612795,-0.36832566172642955,0.9255284194789666,0.08793947720196098,-0.9295533078946954,-0.36827964700344185,-0.01734212746609428,0.016335687797508398,-0.08813198250230617,0.9959748485601408
3513959249469715332,-0.38428096517031224,-1.9567884084407856,0.029826349735311265,-0.006400546528890754,-0.0971933705234352,0.004554093385610969,-0.9732639791640015,-1.6905064472767946,2.0324077260483158,-0.9419191573574665,0.33034309013361873,0.06051234422803689,-0.33313144145491685,-0.9418679964682128,-0.04368203226870149,0.04256458289669659,-0.061303507484698705,0.9972111793661882
11624312666122233477,-0.35431702233237566,-1.175700354437721,0.36582070596808375,0.008932048033686565,-0.02410708411370094,0.0034092148445041826,0.09701365976211054,-2.286856173170971,2.007679040314052,-0.7362798354749812,-0.6739433715703765,0.06076459322079204,0.6766761523247584,-0.733147732572238,0.06785121295265698,-0.0011784514819551764,0.09107543104778483,0.99584329947616
11624312666122233477,-0.6528348307276629,0.15878606772132217,1.2325661943809618,0.019954513164497464,-0.01724229524074687,0.001468412954192283,0.16409100881073188,-2.3199585347790297,2.0077743166814086,-0.7757247347405216,0.6308989712192992,0.014752085485703226,-0.6294171384805021,-0.7751713358037592,0.054253718169651854,0.04566400878989894,0.03280073570280917,0.9984182039799707
11624312666122233477,-0.6133634340442233,-0.8270397141309095,-0.07795940234301765,0.012648857142519124,0.015235831139591191,0.00430838828444946,0.12780738766184058,-2.3635894240601285,2.008450958933577,-0.8802147197731145,-0.4726125540161809,0.04312100278333139,0.46965027381742763,-0.8805329462162883,-0.06395585142016358,0.06819580190857047,-0.036043091071176425,0.9970206759080182
11624312666122233477,0.09879220435316009,-0.08376674571548977,-0.9626579303127525,0.01516142401624638,0.004874847318228124,-0.0002001367052600761,0.03604549709376762,-2.1838060606142053,2.005532062840687,-0.9647737224341953,0.26048889376321493,0.03684020529914166,-0.2608300788086983,-0.9653733074796678,-0.0046954440061700575,0.034341439822967966,-0.014139074643817806,0.9993101380848199
11624312666122233477,0.4412517599231359,-0.47334648184972655,-0.8924847621416472,0.005174488690940053,0.013888664235925904,-0.00038606556279885407,0.1722510758809843,-2.296132121282233,2.00814412927724,-0.8938530182081543,-0.4478145855943245,0.022110603093449803,0.4483418214246201,-0.8931743943377366,0.035058700219362575,0.004048827216224606,0.04125043306924626,0.9991406351308972
14167501526726584984,-0.08582226475114586,0.6409799638752283,-0.5923329507297446,-0.005555222102414855,0.017738450864339908,-0.0012276178218075806,-0.6627918273671184,-1.9534877591736046,2.0228236531072685,0.2472541657420313,0.9682549951331731,-0.036710242751459954,0.9666827054189022,-0.24908900620899993,-0.05898486271752357,-0.06625650584813902,-0.020902903756936375,-0.9975836526564197
14167501526726584984,0.316032222138101,1.2689030938511112,-0.20776272470119772,0.0015089115589639844,-0.0248918180687526,-0.004331253172484617,-0.7741985575729753,-1.822638809035209,2.0265584848125817,-0.8920429250108062,0.45178957354602634,0.012066531119796168,-0.4518685293399324,-0.8910537956963482,-0.042871498309456586,-0.008616967583326099,-0.0436957024229003,0.9990077244243096
1270683975792010508,-0.5283728947613978,0.3375848788361401,0.2744960087755969,-0.016320448392801966,-0.008404403249438334,0.0010030453948571272,-0.5455709338051062,-1.9820393447365692,2.018260070568535,-0.8085899085941449,0.5883082892398018,0.008701524662369751,-0.5883542682243277,-0.8083593761045532,-0.019858855104767394,-0.004649170025715215,-0.021177249009112734,0.999764927041591
14167501526726584984,0.7169113543676222,-0.01618363549570038,0.8227613022690199,-0.025011703035448214,-0.02099896991671861,-0.002180740755700527,-0.6911329199628063,-2.0642599683624754,2.0231450142774667,0.0239594455359637,-0.9992346570813435,-0.03091997828490245,0.9986736051399646,0.025333037842703188,-0.044824854605524364,0.04557384520045923,-0.029804987522054627,0.9985162429086745
230437697685035602,-0.061124264024565465,-0.2025563649441128,-0.01399323397950126,-0.0004658084883275579,0.002926207917047889,0.0006729423181389138,0.07710842334396223,-1.913212526988222,2.0119295386390608,-0.8860632992248484,0.4620488191148865,0.03745288401866381,-0.4625160599887417,-0.8865998101270656,-0.004435192796539034,0.031156444265470703,-0.021252421913527053,0.9992885521927799
15067052686188348833,-0.3843854574469367,0.6625976595815299,0.7008961340815154,-0.005988615517833364,-0.0046196690649276066,-0.0006725891122142391,0.31333439454718015,-1.9285169149895725,2.0114251453831353,0.149751347393029,-0.9873288190678056,-0.052500828490086304,0.9886410769305228,0.15021399477686564,-0.004957497234702096,0.012781039066861264,-0.05116208372758979,0.9986085750828613
230437697685035602,0.036903829683047756,1.5871796841414108,0.502828215562039,-0.0018459520989371758,-0.04842231341948462,-0.0022888556611564415,0.2575067022144643,-1.8157149833749184,2.0120213687165114,-0.9971546978579023,-0.07409757910010106,0.013858474353968175,0.07408978646196851,-0.9972509948247721,-0.0010755756702763297,0.01390007488955479,-4.574392694356444e-05,0.9999033882458634
230437697685035602,-0.05744533587499656,-0.44139900136186017,-0.6178283402680579,-0.0036107230274271176,-0.0002332882885408105,0.0013643185245834077,0.11336503225045207,-2.0806180810708343,2.009155407092866,-0.5181833439185588,-0.853740798484335,-0.0511142943677252,0.8550924239969133,-0.5183662642374185,-0.010647183835424678,-0.017405990591264468,-0.049224639194945935,0.9986360530181474
230437697685035602,-0.3880730865104314,0.1802577083484929,-0.4847657592237411,0.0132558929814869,-0.018190985172012737,0.0008617729334703672,0.27762569102825835,-1.963530955575541,2.0105059992278904,-0.7913908072093341,-0.6108390736693645,-0.02400450672918282,0.6109463413442396,-0.7889540343617961,-0.0655446387001543,0.021098773960741772,-0.06653689009112679,0.9975608673130452
15067052686188348833,-0.5202530482867995,-0.42883852014374974,0.9204490721834292,0.0008364065244656038,0.0015645759507006622,0.0027823751825906684,0.4100246468953793,-1.9780159462069435,2.008686021724551,-0.9085226372125234,-0.4168846444513341,-0.028174649830771167,0.4178315852801071,-0.9067429307733806,-0.056868478393677466,-0.0018395691654305762,-0.06343855856799027,0.9979840506100791
10604336390296671537,0.2984288606903564,0.2667883867055263,0.8447852098254357,0.002450044657729547,-0.008191140630886908,-0.001754005367010425,0.4104170823725586,-2.1385754585001737,2.0045066412974375,-0.8658686462231787,-0.5001614038633214,0.010490832813041584,0.49968282437696676,-0.8656766749200226,-0.03034747966588064,0.024260307300136143,-0.02103484216449425,0.999484353506756
10604336390296671537,-0.780581949394139,0.7331820917909913,0.9146173462175823,0.014385769582980082,-0.016905326032503366,0.001479147425250904,0.41209331217552175,-2.2071595236771224,2.002882640295586,-0.7154561942576542,-0.6986553202826637,0.0017825653094296207,0.6986226038503734,-0.7154435687291533,-0.008182747302582706,0.0069922448239491414,-0.004609056825670841,0.9999649319388655
10604336390296671537,0.7000186631275844,0.6133994355483088,-0.3718508463004585,0.0033279564030082864,-0.006025313122166698,-0.003883735219566087,0.4252330595459534,-2.1492431984173925,2.0045657646125923,-0.43769326879132514,-0.8990961372447563,-0.007123092469077108,0.8986940082017533,-0.43722496677856454,-0.03440069836137655,0.027815141147082778,-0.021458434636321855,0.999382736245692
15067052686188348833,-0.42338951942583686,-0.7031443096779144,-0.5587512857005954,-0.0039832940529156875,0.001331583711870925,0.003050409512690422,0.36229473460780026,-1.877867916397613,2.0103830912010205,-0.7046201749441086,0.7095354164103523,-0.008360736876729884,-0.7090094991005799,-0.704474464551605,-0.03195714286156127,-0.02856465030205414,-0.01658980572874519,0.9994542706392343
15067052686188348833,1.1745539931027644,0.06377153128283945,-0.030140849875490438,-0.024190113789725937,-0.00788082715343795,-0.0032703339439894216,0.32807096752638387,-2.024236984473899,2.0094526913223287,0.9980375348506312,-0.06170915525719603,0.010632929357384968,0.061376652920199296,0.9976880111289159,0.029181139901342412,-0.012409089635797621,-0.028471259316574238,0.9995175845813516
15067052686188348833,-0.2361658626614632,0.4076399206127053,-0.9084652940609258,0.012059844284214144,-0.020166261495499736,3.652809108689592e-05,0.3524634377933141,-1.8086314981296463,2.0116166544984013,-0.9874748009651088,0.15460945725996406,-0.031455256869052456,-0.15440717169980384,-0.9879683219415467,-0.008776113471908764,-0.03243366748590175,-0.0038092736556791795,0.9994666310826142
17586841592698240170,0.841952051702699,-0.3062295559090842,-1.0107997842655572,-0.037148206976700716,-0.008106081141380582,-0.0014943084585009037,0.78351520166459,-2.0364373661789568,2.002444582808937,-0.7909840975986757,0.6068752230433642,0.07776002187548203,-0.6099481070865638,-0.7921263009928117,-0.02234345400700144,0.04803606985928759,-0.0651028949549256,0.9967217009080123
17586841592698240170,-0.24917231406110654,-0.24358890132136818,-1.2021300170833817,0.021948721272055195,0.009214729482993228,0.0011510728524922464,0.8139475618449583,-1.9035924972060512,2.0047032988449502,-0.29812482813049423,-0.9536982286094485,-0.039765256183795894,0.9545095454434661,-0.2981117530240695,-0.006396121185827636,-0.005754520785507476,-0.03986315913366484,0.999188577814225
17586841592698240170,1.0286144824536896,1.4323170574959372,0.03690365859287055,0.01768208117865205,-0.025030520817603808,-0.006379922984628417,0.8878244481412623,-1.832631297776321,2.0055850438361578,-0.647115350345768,0.7586663933804347,0.07527965795616387,-0.7600455493405778,-0.649712127693157,0.014314819454328942,0.059770279190020176,-0.0479526295791389,0.9970597068591193
17586841592698240170,-0.6279367734566329,0.6196768405438816,0.6394675079320422,0.023505683432045746,0.008294861125141051,0.0009194800219675114,0.6511188400429275,-1.8466251497688815,2.01304081643489,-0.6140804755888696,-0.7889265954019582,-0.022360603033523635,0.7875741589800681,-0.6106940263963744,-0.08233923870562977,0.0513041285608281,-0.06817355199239311,0.9963534780394729
17586841592698240170,1.070092677869854,1.7438782353784752,-0.2223743265090663,0.0030249241836605954,0.001348446958909337,-0.007880458549447855,0.8526372909216116,-2.0344924391677304,2.002082221575053,-0.8417981252754345,0.5393161362444261,0.022672041574327464,-0.5380650271183857,-0.8417212622275884,0.04462446981294932,0.043150236092695096,0.025365762365431255,0.9987465320213961
1270683975792010508,0.12883307928450852,-0.7241046374288499,-0.44263185721851084,-0.0026138201502269743,0.004316086587699551,0.000635949323935181,-0.4317337081751167,-1.9849796983269634,2.018488598987861,-0.8710665186801596,0.49101892285690474,0.011980710783251995,-0.4911493603808414,-0.8709745530378874,-0.0132526887061494,0.0039275732860677625,-0.017428291852519498,0.9998404016697794
1270683975792010508,0.10885405755520872,0.09260143864661351,0.2409034321755899,-0.0011165224853945204,-0.0054246851883690585,-0.0006022467101660239,-0.5042957988192067,-1.998091945378743,2.0184656335159437,-0.6965332283408759,0.71723619121491,0.02033980896090471,-0.7174740021647639,-0.696540711889117,-0.007879904737902475,0.008515752151967718,-0.02008189962455681,0.9997620713313521
1270683975792010508,0.12210637587446137,0.20957090438942094,-0.669846096519861,0.021825844343988956,-0.001791745899152073,-0.0010054209233692213,-0.33261586105398355,-1.911818164160739,2.0165491877492583,-0.8307617718955453,-0.5564379031606137,-0.014551229611068695,0.5558661301205827,-0.8307083663591623,0.030601559529869204,-0.02911569579697302,0.01733407012540067,0.9994257382472926
14090963993156746941,0.1668569920560605,0.7428505207348445,1.6046667023653092,-0.00651072930635663,0.028973239658524875,-0.0027866470738187044,-0.6515649079170187,-2.136650726524715,2.0241238617396733,-0.3164887606317349,-0.9443552079095437,0.0895996969186307,0.9485961297585033,-0.3151232240093967,0.029372373024872965,0.0004969919285631266,0.09428995166000305,0.9955446539532907
1270683975792010508,-0.8245620274177868,0.025933913208907346,-0.17528180833706472,0.00833126017918876,0.0005778499777991616,0.002985747200296752,-0.501014751514285,-1.873498949972344,2.017722214541384,-0.6356035444126591,-0.7720153275112054,0.0006844105719775173,0.7716495185483826,-0.6353291721129908,-0.03023017674891898,0.023772985805618162,-0.01868628240147821,0.9995427294497709
11491013267271208364,0.8557155017752596,-0.1164671060054627,-0.6566035553139457,0.03877843411711039,-0.015749329831358072,-0.002388832858638029,0.6836568544877138,-2.3849981831460623,2.001802744491047,-0.7607641685500036,-0.6487678996996593,0.01838728282575508,0.6481338605933253,-0.7608975993924525,-0.030940943605433147,0.03406433035908958,-0.011621340632461896,0.9993520730148565
11491013267271208364,0.026001629398894634,0.2716143447929093,-0.6332420879641917,-0.009123561989135744,-0.0037598761044151355,-0.0008312910239984816,0.7380697033525226,-2.23834317413786,1.9999867597153125,-0.8443078451275968,-0.5344443699639412,0.03890344547517094,0.5355780229718506,-0.8439875497123599,0.02900340049184337,0.017333319519282814,0.04532362898502622,0.9988219684658873
11491013267271208364,-0.24975836953755878,0.45118786160555685,0.4154160990641588,-0.0052210491792431275,0.009474074706651157,-5.1642145934116535e-05,0.7113347915620705,-2.184355210428479,1.9984375246682786,-0.35015827138204075,-0.9361232723386101,0.032594538941272455,0.9355835248288866,-0.3512239078619346,-0.03640377198790505,0.04552639950069803,0.017747831761777216,0.9988054672538886
11491013267271208364,-0.8383398963313292,-0.33651899455436557,0.5787037048521041,-0.04558109074006628,0.011529740771764312,0.00287767521164628,0.7629919781095896,-2.234754349484868,1.998652803574824,-0.7394150781957965,-0.671349950310334,0.05054291597262556,0.6728762229496572,-0.7394200046633275,0.02226309261283546,0.02242611704479552,0.050470792761722214,0.9984737194099284
10604336390296671537,0.01353630549185682,0.41556746110180337,0.4108679951383546,-0.001106116749456201,0.007247146648946408,-0.0009642199633681514,0.5974382518652872,-2.225727881794603,2.0014686149523024,-0.5998369717453137,0.7996823140149965,-0.02652930415658647,-0.7988716821767983,-0.5967170951188606,0.07571488498916058,0.04471736512166827,0.06661009716649502,0.9967765307289521
12522110180449457495,0.00676832444211132,-0.3291217148589748,0.481493035939431,-0.00303711310913318,0.009510125483643089,0.0008569745839523413,1.1958711986153765,-2.233621617773652,1.989998253118341,-0.9884266771506257,-0.14684736013612074,0.038059909590351576,-0.1462885140965244,0.9890943437804401,0.01708946298078151,-0.04015438382548353,0.01132395348776194,-0.9991293177246892
12522110180449457495,0.0807916596810081,-1.8584602626314066,-0.8278040080743703,0.0008520348953270571,0.0719663699770351,0.004131258401184779,1.0514014989182416,-2.2067856715102785,1.9971086574440164,0.1296949679939523,-0.9911587800898618,-0.027990854360389894,0.9908175094186636,0.13063477657213257,-0.034859979623427184,0.03820835388294622,-0.023212664662331794,0.9990001470934975
7690906746558365288,-0.4033972745955153,-0.8742040916765751,-0.5048954636294465,0.010365163182732895,0.009126271972014332,0.0031374297253254912,1.11825011945658,-1.9803400242834426,1.995928923120723,-0.7565275129628424,-0.6532755081949597,0.029953839868590147,0.6537343625714722,-0.7542625223281647,0.06098713474516937,-0.017248342631308262,0.06572029978455345,0.9976889980713937
12522110180449457495,-0.5382606073482312,-0.5257314791343548,0.7342054958073009,-0.003377107113266365,0.002243064155314466,0.003334891545985208,0.9300793189988701,-2.1507110351524226,1.9977633057743682,-0.793260010332333,-0.608216331021088,-0.028485973509685562,0.6087647970212836,-0.7931594934190731,-0.01741952659620389,-0.011999079764023934,-0.031159471729266388,0.9994423992438832
10604185320534668621,-0.17009999097204584,-0.12223238986131503,-0.3144696460779056,0.002788805951188611,0.006879712057813509,0.0010044255365418836,1.3323417336572774,-2.076140385468498,1.993034032547195,0.15787524934787583,-0.9872898434337661,-0.018280336317332724,-0.9862585327319426,-0.1585688749760773,0.0463682919920141,-0.048677636105110694,0.010708732014104827,-0.9987571330417963
7690906746558365288,0.5800103774902639,0.637335864736701,0.057931291259580985,-0.0002947967832878898,0.02294826029667091,-0.002977376857233316,1.1107828275872293,-1.945480019974724,1.9963052513684907,-0.5500853628482245,0.8346910820972113,0.026398694049576732,-0.8339460629626538,-0.5507124480370253,0.035351996353183396,0.044046085515358185,-0.002568471228650171,0.9990261985084883
7690906746558365288,0.22570360577714874,1.6431896552741465,-0.4689762897840477,-0.0018402055303779544,0.01748869261075596,-0.004456456773795026,1.0467552597637804,-1.9363776310559642,1.9985525793871057,-0.9564045170684653,-0.2917480645023268,0.013170671591883981,0.2908149717639538,-0.9555417895322006,-0.04864710325938673,0.02677782532182069,-0.04269608081246748,0.9987291888967145
6444351982548797810,-0.055329390336673306,-2.384426965805039,-0.10533994603549092,0.011080272665770337,-0.025816061593475405,0.00593498830788608,1.0865174273487337,-1.671617600606631,2.001343021457407,0.279882113027654,-0.9575778320257258,-0.06863452790022256,0.9574832622082734,0.2836325086205014,-0.052710555343722904,0.06994144263723807,-0.05096367006556757,0.9962484122623583
7690906746558365288,-0.08099115815479715,0.40485053969440427,0.458984390193978,0.008190628974652364,-0.0017321037857740353,-0.0005698219233515878,1.0044584376442465,-1.81210164074126,1.9987931911322576,-0.6073492403193028,-0.7941598199314148,-0.02090647483600913,0.7939285163364181,-0.6076913690133852,0.01971575447431846,-0.028362144337475005,-0.0046238980460781565,0.9995870188910218
6444351982548797810,-0.030012018270587477,0.291021472528396,-1.1330065024651006,0.012401479087445896,-0.015660628574840407,-0.00022165835414555968,1.0552280404761794,-1.5649407026143132,2.003366594673974,-0.07858348013194855,0.9961417104216655,-0.039068266003887575,-0.9965228900814864,-0.07740427114714288,0.03083355885754613,0.027690543403729485,0.041355429708545555,0.9987607132039326
6444351982548797810,-0.08259758357548135,0.8254389325446089,-0.09398469417837456,-0.0031278259361073937,-0.04129153164858859,-0.0011527371022368449,0.9144273884195591,-1.7649962970041397,2.005590535245418,0.9521086689442392,-0.2819577548236518,-0.11827470995962924,-0.2888437288045162,-0.9562969371699624,-0.04544742335547525,-0.10029148942722908,0.07743379400593897,-0.9919403332329586
10604185320534668621,-0.1833022053028084,-0.10844698667954604,-0.3327175028466124,0.0022394592457629153,0.005127472821812054,0.0009596228712075161,1.3500571684152396,-2.0890295759561583,1.9920324152968067,0.1578752493478752,-0.9872898434337666,-0.018280336317332946,-0.9862585327319426,-0.1585688749760767,0.046368291992013935,-0.04867763610511047,0.010708732014104938,-0.9987571330417961
10604185320534668621,0.4085322626701926,0.4133998012199643,0.8872541837291889,0.0020310846479106312,-0.007872602526362325,-0.0030189730911738266,1.412817217265357,-2.016691751537375,1.9918747953419524,-0.47053796994729225,0.8819859651845683,0.02635860495789341,-0.8796370163515379,-0.47121951132206663,0.06473709611618951,0.06951789914867357,0.007275257166444282,0.9975541751359257
10604185320534668621,-0.6721880870947308,-0.24373511275260942,-0.7004208398700413,0.010697629528419714,0.01289664298063476,0.0031103846704702287,1.3233678964487452,-2.0116344689480368,1.993553460091853,-0.5083468919072027,-0.860370148454627,0.03669666383270492,0.85905448356786,-0.5096205292642395,-0.04808648889651296,0.06007355283520953,0.0070798164241950845,0.9981688456614718
10604185320534668621,-0.4274157810064921,-1.5976611185805136,-2.391156697258082,0.020239310047245836,0.047261713977243686,0.005966160955914512,1.32044789742044,-1.8262460497389381,1.9959149950617578,-0.9152807673140604,0.402792500932445,-0.004395244881812227,-0.4028142770122366,-0.9152573649222338,0.006679385504499593,-0.0013323738566660811,0.00788398047910373,0.9999680333049208
10604185320534668621,1.4762571441715429,1.323207715235826,-2.4122728001368627,-0.06205206773477648,0.050712655901450986,-0.006604784602518343,1.2877450589814265,-1.9012355610973408,1.9965940666399316,-0.0020847306003513554,-0.9999317027663855,0.01149972612899297,0.997224795920503,-0.0012229969114986167,0.07443930870088566,-0.07442016057249036,0.011622997946844738,0.9971592378447353
6396254288511579190,-0.926779054692806,-0.9079003836130314,1.692300978576381,-0.036979206535283256,0.04015282741041219,0.004837564727378618,1.313081247461426,-1.555325230809588,1.9983679392056388,-0.9993280299286822,-0.03168017485996101,0.01843515987727855,-0.032356697581586956,0.9987675300015023,-0.037635955366010054,-0.0172201254487954,-0.038207166023415784,-0.9991214539504126
6396254288511579190,-0.938922970104114,-0.8560218668753292,-1.4027161069999503,-0.049993587030526324,-0.020059679644656,0.005733548767070662,1.2970931919868982,-1.5353448961881628,1.9940895718854763,-0.2317986405333365,0.9724570860660668,-0.024425519580776822,-0.9659135005447979,-0.22711907218129318,0.12420964743852522,0.1152410504646296,0.05238456653826862,0.9919553203024851
6396254288511579190,-1.3961407769917609,0.32100212242441495,0.11244040661290246,0.056062594151842046,-0.0015804708623279305,0.0028787843372575783,1.3419440904385995,-1.606915536523907,1.9960574047850552,0.6519081655273474,-0.7582329977426332,-0.009922945781805415,-0.7531628441497952,-0.6489584125608095,0.10769730246735654,-0.08809922764110636,-0.06273515681636954,-0.9941342093441237
6396254288511579190,-0.743561466503715,1.2907697666540763,0.038312999916504505,0.004838924766945059,0.01749564031104365,-0.0004625373630993135,1.4543643516903109,-1.6918388368969064,1.99204027044177,-0.9871660213599107,-0.15089712570921127,-0.05228100730803123,0.14960681840040502,-0.988354822561807,0.027794686667187762,-0.05586632402934849,0.01961637508607006,0.9982455367633409
18314938614261455471,1.187281576018247,0.42073287999881104,0.10958774334772439,0.01671266461662628,-0.0052472647625938715,-0.004684901495712768,1.2705071195500766,-1.4793881818681343,2.000182554225458,0.15920736108315978,-0.9865887437179948,-0.0359953739511778,0.9858146965328981,0.16083300511186324,-0.047980501940245696,0.05312626729487897,-0.027845919550916975,0.9981994813100623
16502299394023218563,-0.7618756341611194,1.6436124009720678,-0.0596597675440309,-0.0065390082914662286,0.008529083318522462,0.00012496315047427764,1.4698799007171148,-1.1232398092723523,1.9975064814779238,-0.3435841938171099,0.9386858061770469,-0.028615713179900373,-0.9370961459841007,-0.34068357850870523,0.07606255659815897,0.06164993869252294,0.052949566723917846,0.9966923439271305
18314938614261455471,0.3482732504771461,0.33883963661550753,-3.370514259508928,-0.025544755618288312,0.08124469573060664,-0.0011845841766732756,1.4740501646508475,-1.3494270281888485,1.992177753508178,0.17899883123377452,-0.9836896443457774,0.017722923681522618,-0.9792337020957141,-0.17638732240131008,0.09994433038456213,-0.09518810375706022,-0.03524480249589579,-0.9948351767002213
18314938614261455471,0.4486610983188906,0.37925791730117386,-0.9063243169536777,-0.03443776335370133,0.026533802122852106,-0.0017910221302509521,1.2596253403076747,-1.4385783711367113,2.001738185867226,0.19230291734194033,-0.9780965494742404,-0.07966635355257745,0.9777460369035582,0.19790435208843124,-0.06961720149391212,0.08385866264831913,-0.06450587051612944,0.9943876092187554
11021543100617121227,-0.07561704877970889,-1.0455471612406795,-0.36942634544288855,0.0016173864043617786,-0.021928016856082637,0.002319582212805704,1.528408037399496,1.887512945288613,1.9920190251206331,-0.28791819547085656,-0.9575817681205716,0.011843567025425439,0.9506495975577463,-0.2872833218871101,-0.11719059530867726,0.1156220367408424,-0.022482222501061022,0.9930388181190664
18328587107596102378,-10.835699414815696,-7.872780399368078,-0.07069171483863358,0.054351107414928546,0.0662245833992157,0.09325146698711606,1.34890060377123,1.9499848197793703,1.921564341105497,-0.052595299886192194,-0.380520341175141,0.9232756925110917,0.9675601047120012,0.20936140144078114,0.14140455210654918,-0.247105601311632,0.9007619405473936,0.3571648754590945
11021543100617121227,0.35546899695509704,0.04957565363152644,0.0032128626114412734,0.007663815430215233,-0.002992728615854533,-0.0014089547477296321,1.5325968546204434,2.0501062233808405,1.8030153075598632,-0.225035020420009,-0.016360412977826422,0.9742133115862054,0.9712858212424947,0.0754760027721318,0.22562629824298774,-0.07722106602384175,0.9970133950417799,-0.001094106670012751
18328587107596102378,-0.6095211919370044,-0.19630635772477453,0.4841752203327806,0.011991298215486274,0.0003599553928657688,0.0024199188820518136,1.2652461268485828,1.8078294364022562,1.9994212123543726,-0.9985795448155405,-0.050507182161511066,0.016968123823568878,0.0503980915953616,-0.9987060817505617,-0.006796663739351949,0.01728944879206882,-0.0059318483244446,0.9998329301117873
1867267005556001648,0.19261970014422847,1.3034899049883018,0.2320269237301191,0.007805827715192724,-0.01228352159076634,-0.003915673536676767,0.7684066965971721,1.9489924130349092,1.629412659581065,-0.9944483525458337,-0.10320039368996647,0.020546358828586023,0.01738969807502597,0.03139489656453219,0.9993557719203715,-0.1037789599087239,0.9941649959699538,-0.029425979479453537
1867267005556001648,0.10488811527209471,-0.3787452224627164,0.14170990398624977,-0.005100523291630642,0.0020559919761548922,0.0009296040389059068,0.7039207618129538,1.9413966240371878,1.6310675391937426,-0.7695976115735029,-0.06488664131009952,0.6352237716268606,0.6276248129176675,0.10619632850549761,0.7712388955583186,-0.11750153390667722,0.992225812802432,-0.041003974662599085
11812163608698757615,-1.3311382651604675,-0.2300768169504438,0.12281307041781066,-0.0226351697298597,-0.00017357593313253742,0.005919019613979254,0.5911490760371956,1.929114208329574,1.6591533106315077,-0.12814088436999016,-0.014840444274375031,0.9916449339186966,0.9902452429318748,0.05325407746009796,0.12875698848864828,-0.05471994703642215,0.9984707128642347,0.007871654763650371
1867267005556001648,-0.3639551397370694,-0.6409936873371074,0.2825696615449186,0.009276825046852146,-0.005792740557147817,0.0026930558743781807,0.6247996269620689,1.9325086949277102,1.5553311615085843,-0.7380443705253793,-0.059329808161603714,-0.6721387364222532,0.6691165901583033,0.0641219972685021,-0.740385952217641,0.08702583473154109,-0.9961768634784716,-0.007626320179022872
1867267005556001648,1.8206596483199833,1.3191615448914027,5.1432558290572805,0.016654895952771545,0.08993579801112879,-0.008678755551277062,0.6882838850327178,1.930024490049857,1.760597232493745,-0.7907714954836169,0.16625745890667704,-0.5891000757838171,0.6051509514516524,0.3570655312043342,-0.7115451724120729,0.09204763922971755,-0.9191641114532603,-0.3829681035394129
2599577771904068917,-0.07677943728685811,-3.0864879039047595,2.995262626430998,0.020065160458527687,-0.01890723542868973,0.009815265633250192,0.33000204286068224,1.8926004695272325,1.8738089189159142,0.9839532495398627,-0.03458791181832732,-0.17504193519266342,0.17706073906499378,0.3104272670526548,0.9339616729566467,0.02203400557554431,-0.9499676774639586,0.31157007939150616
11812163608698757615,-1.5526518494292492,1.212201967307509,-3.3591195861986134,-0.1607664574961224,-0.06764057040689006,-0.0007952603253200685,0.5042622422953963,1.888071163081495,1.82496320059754,-0.9033038065175512,-0.2519319691713148,0.3472355339540678,0.4122699971882755,-0.2859364070629099,0.86502821950173,-0.11864098174442993,0.9245380760279253,0.36215143714377296
11812163608698757615,-2.4185308868544375,-0.43910935742821217,-1.1544676668716092,-0.06145736383984178,0.011887716453654641,0.008632681543815968,0.4879563952539224,1.9183531482765352,1.729472650020837,-0.16777632327382713,-0.12662128371051606,0.9776595296217482,0.9848509565915595,0.02254800739001779,0.17193074379944404,-0.04381436578802192,0.9916948310212375,0.12092007061010468
2599577771904068917,0.9383168330470762,7.894355376641754,4.228890473860562,-0.044342884541022975,-0.02240377845213959,-0.020562247246266985,0.4816994369532085,1.9011776225646768,1.815128491505211,-0.9937604492954684,-0.03230692622864301,-0.10675407221144398,-0.09843065994398761,-0.19611331957439376,0.9756285005413193,-0.052455453473020774,0.980048890822886,0.19170966850362836
11812163608698757615,0.025240426028218986,0.2866914875948609,-0.6119687468576099,-0.0025103173585761234,-0.01099426426068615,-0.0007483429408036701,0.38037290146339237,1.9113225042711657,1.638434213368753,-0.6865987791806425,-0.002055814996123395,0.7270336237426388,0.7260761772510601,0.049442637457197014,0.6858343899439308,-0.03735640850160341,0.9987748491156442,-0.03245457622406167
8544828847129984430,-0.8286018502232604,0.8343843812051471,0.42055718770761946,0.012090365659735418,0.0026949404881414286,0.0019205932472410314,0.08290643317045318,1.8787656246103135,1.6417481274341832,-0.09714664990163133,0.007850930964244385,0.9952391126236368,0.9844264287924778,0.1479663632002993,0.09492397829929948,-0.1465166704091334,0.9889612319217935,-0.02210310041486463
8544828847129984430,-1.2384142466147934,0.056015196294795115,0.8976583622361198,0.052095338908766727,-0.021140480070574463,0.003616991181592602,0.10122766833475329,1.8823675431117406,1.7085809678178017,0.4287221066873055,0.005081533782157699,0.9034221235126023,0.8911297753765736,0.16211351523959888,-0.4238005800066322,-0.14861049315205271,0.9867590314717574,0.06497334171814251
8544828847129984430,-0.7198296266014285,1.2500768203247814,-0.6299101420711246,0.012927076939555217,-0.05286330918652549,0.0008733064746730967,0.16657611175766315,1.8914885236670085,1.7113802328686498,-0.39350626485468276,-0.0852451909124563,0.9153611729511003,0.912354410615284,0.08614297430294005,0.4002359521695684,-0.11297012415215939,0.9926291580467208,0.043876025851298905
15174671583337923039,0.15384019532882445,0.6680199474737822,-0.2622344102126437,0.004178733578679307,-0.0028283668053302354,-0.002162918631095634,0.025565982349874432,1.8678581001959969,1.4800864393453246,-0.7819179996789775,-0.0746698855904181,0.6188930844369973,0.6186682633539375,0.028899019198694975,0.785120644619651,-0.07651027183750904,0.9967894736980658,0.0235992251585333
8544828847129984430,-3.1839295267598895,0.08399054241018569,-1.5717408836140085,-0.04738080301228668,-0.007538146627185391,0.007717841277778692,0.013370240333351265,1.8554293298859477,1.802927912291045,-0.949302502729729,0.03881854195860429,-0.311958136792874,0.30165382884111264,0.3918041679351214,-0.8691918439183401,0.08848573815350207,-0.9192293591856578,-0.383650439012592
14445090682961134489,-0.44263479073614387,-2.899097838231302,-0.3313873405262866,-0.013187279280379216,-0.061028352802310296,0.0064980354554569075,-0.25280784532856876,1.8525250836098486,1.7064936986239576,-0.25658377391827336,0.015688071761027156,-0.9663946664620396,0.9625822789466012,0.09433421899802423,-0.25404017671226786,0.08717868558210665,-0.9954169676725697,-0.039305689788152964
14445090682961134489,-0.7952161536325384,-5.467775533244562,2.1359912871470974,0.08967374658121202,-0.13020053193662418,0.015597360029777185,-0.14301307614327766,1.8397179388908498,1.7985781958050062,-0.9759593551492406,0.0005475075880195246,-0.21795191518341703,-0.19716976227197264,-0.4283822029965185,0.8818235498111078,-0.0928839164887666,0.9035974703324985,0.4181915705348652
